3 2 22.49
3 2 45.09
0 1 26.53
3 2 39.83
0 1 58.98
3 2 39.14
3 2 73.4
0 1 92.83
3 2 78.26
3 2 20.38
3 2 6.14
0 1 21.1
0 1 4.84
0 1 77.77
0 1 17.87
3 2 10.39
0 1 78.35
3 2 4.73
0 1 40.76
0 1 32.54
0 1 81.14
3 2 62.24
0 1 62.52
0 1 39.58
0 1 79.17
0 1 11.79
3 2 92.42
0 1 66.35
0 1 54.16
3 2 22.86
0 1 89.51
0 1 73.41
0 1 11.88
3 2 97.12
3 2 65.21
3 2 91.66
3 2 30.55
3 2 56.92
3 2 84.99
3 2 29.34
3 2 12.49
0 1 46.44
0 1 90.79
0 1 85.37
0 1 0.66
0 1 82.92
3 2 91.93
3 2 82.41
3 2 18.11
3 2 12.13
3 2 94.06
3 2 14.13
3 2 10.42
0 1 98.66
0 1 92.0
3 2 8.62
3 2 79.61
0 1 6.23
0 1 7.87
0 1 87.24
