2 3 67.68
2 3 22.29
2 3 50.94
1 0 19.65
1 0 47.88
2 3 56.93
2 3 19.96
2 3 16.25
1 0 92.96
1 0 13.1
2 3 32.97
2 3 88.01
2 3 10.33
1 0 67.67
1 0 70.31
2 3 6.0
1 0 1.12
1 0 59.61
2 3 69.7
1 0 61.18
1 0 9.73
2 3 77.04
1 0 28.35
2 3 40.5
2 3 50.8
1 0 61.78
2 3 54.2
1 0 96.22
2 3 34.04
1 0 52.3
2 3 38.22
1 0 81.25
1 0 22.86
1 0 19.56
1 0 34.28
1 0 63.21
1 0 57.08
1 0 59.64
1 0 39.2
1 0 41.6
2 3 97.62
2 3 1.86
1 0 8.61
2 3 83.14
1 0 36.62
1 0 27.6
2 3 13.66
2 3 76.03
2 3 87.4
1 0 53.9
1 0 7.11
2 3 83.94
2 3 49.17
2 3 86.54
1 0 62.49
1 0 84.92
2 3 0.22
2 3 83.79
2 3 29.8
2 3 97.85
